11
1
2
5 18 4 4 0 -1
6 18 2 4 0 2
haar_x4
-1.729966e-005 0 -1
8.222223e-001 -4.188680e-001 
1
3
9 0 10 8 0 -1
14 0 5 4 0 2
9 4 5 4 0 2
haar_x2_y2
-1.729966e-005 0 -1
5.978866e-001 -2.044256e-001 
1
3
3 13 10 6 0 -1
3 13 5 3 0 2
8 16 5 3 0 2
haar_x2_y2
-5.209012e-005 0 -1
8.871411e-001 -4.053040e-001 
1
3
9 0 10 8 0 -1
14 0 5 4 0 2
9 4 5 4 0 2
haar_x2_y2
5.733201e-005 0 -1
-3.211014e-001 5.741130e-001 
1
3
6 0 8 8 0 -1
6 0 4 4 0 2
10 4 4 4 0 2
haar_x2_y2
-5.733201e-005 0 -1
6.985370e-001 -6.249682e-001 
1
2
0 2 24 2 0 -1
8 2 8 2 0 3
haar_x3
-4.448387e-004 0 -1
8.066151e-001 -4.781402e-001 
1
2
6 5 4 4 0 -1
6 7 4 2 0 2
haar_y2
1.433300e-005 0 -1
-3.487642e-001 8.265732e-001 
1
3
11 17 10 4 0 -1
16 17 5 2 0 2
11 19 5 2 0 2
haar_x2_y2
1.580587e-005 0 -1
-5.495533e-001 5.479040e-001 
1
2
8 0 8 19 0 -1
10 0 4 19 0 2
haar_x4
8.044857e-005 0 -1
-8.052392e-001 6.998739e-001 
1
2
6 9 12 6 0 -1
10 9 4 6 0 3
haar_x3
-8.189522e-005 0 -1
7.715487e-001 -9.054029e-001 
1
3
7 6 6 16 0 -1
7 6 3 8 0 2
10 14 3 8 0 2
haar_x2_y2
-3.852665e-005 0 -1
8.313158e-001 -7.364742e-001 
-1.095223e+000

5
-1
