15
1
2
0 23 2 1 0 -1
1 23 1 1 0 2
haar_x2
1.520610e-004 0 -1
2.225914e-001 -6.767680e-001 
1
2
23 1 1 2 0 -1
23 2 1 1 0 2
haar_y2
-1.234839e-004 0 -1
-4.750690e-001 1.460800e-001 
1
2
11 0 2 1 0 -1
12 0 1 1 0 2
haar_x2
-2.822112e-004 0 -1
-6.128258e-001 2.233311e-001 
1
2
11 11 3 1 0 -1
12 11 1 1 0 3
haar_x3
-3.202711e-003 0 -1
6.678637e-001 -1.253475e-001 
1
2
12 0 12 10 0 -1
12 0 12 5 0 2
tilted_haar_y2
-1.107258e-001 0 -1
-7.658610e-001 1.435802e-001 
1
2
22 13 2 4 0 -1
22 14 2 2 0 2
haar_y4
6.759136e-004 0 -1
1.030438e-001 -3.189382e-001 
1
2
10 7 4 4 0 -1
9 8 4 2 0 2
tilted_haar_y4
-8.767709e-004 0 -1
3.905607e-001 -2.878637e-001 
1
2
23 0 1 6 0 -1
23 3 1 3 0 2
haar_y2
1.488856e-003 0 -1
1.115960e-001 -3.279749e-001 
1
2
0 13 2 6 0 -1
0 15 2 2 0 3
haar_y3
4.697573e-003 0 -1
1.489966e-001 -7.085407e-001 
1
2
22 6 2 6 0 -1
22 8 2 2 0 3
haar_y3
1.160704e-002 0 -1
3.371464e-002 -6.905377e-001 
1
2
0 0 1 6 0 -1
0 3 1 3 0 2
haar_y2
1.517159e-003 0 -1
1.821333e-001 -5.996407e-001 
1
2
20 7 3 12 0 -1
21 7 1 12 0 3
haar_x3
-9.556150e-003 0 -1
3.553206e-001 -1.321117e-001 
1
2
0 0 1 4 0 -1
0 2 1 2 0 2
haar_y2
-3.829061e-004 0 -1
-6.186129e-001 2.002098e-001 
1
3
20 14 2 10 0 -1
21 14 1 5 0 2
20 19 1 5 0 2
haar_x2_y2
-1.018629e-002 0 -1
5.744601e-001 -5.756922e-002 
1
3
2 14 2 10 0 -1
2 14 1 5 0 2
3 19 1 5 0 2
haar_x2_y2
-7.235170e-004 0 -1
3.906468e-001 -2.820993e-001 
-8.423615e-001

9
-1
