13
1
2
1 14 2 2 0 -1
2 14 1 2 0 2
haar_x2
-1.457280e-003 0 -1
6.774195e-001 -2.052118e-001 
1
2
18 0 6 1 0 -1
18 0 3 1 0 2
haar_x2
1.050261e-003 0 -1
1.497625e-001 -4.884102e-001 
1
2
2 0 4 2 0 -1
4 0 2 2 0 2
haar_x2
-4.411035e-004 0 -1
-5.690003e-001 2.653658e-001 
1
2
13 1 2 8 0 -1
13 5 2 4 0 2
haar_y2
1.047276e-002 0 -1
-1.080364e-001 6.190761e-001 
1
2
7 8 8 2 0 -1
9 8 4 2 0 2
haar_x4
5.707682e-003 0 -1
-2.158823e-001 7.401013e-001 
1
2
22 1 2 1 0 -1
22 1 1 1 0 2
tilted_haar_y2
-6.074493e-004 0 -1
-5.032052e-001 1.318109e-001 
1
2
8 10 4 3 0 -1
9 11 2 3 0 2
tilted_haar_x4
-7.409128e-003 0 -1
6.731671e-001 -1.935196e-001 
1
2
22 1 2 1 0 -1
22 1 1 1 0 2
tilted_haar_y2
5.150939e-005 0 -1
9.514174e-002 -8.884542e-002 
1
2
2 1 1 2 0 -1
2 1 1 1 0 2
tilted_haar_y2
-1.202321e-004 0 -1
-5.583598e-001 2.350614e-001 
1
2
22 5 2 16 0 -1
22 5 1 16 0 2
haar_x2
-7.796341e-003 0 -1
6.754561e-001 -2.425325e-001 
1
2
6 14 3 5 0 -1
7 15 1 5 0 3
tilted_haar_x3
-1.454165e-003 0 -1
5.006379e-001 -2.451149e-001 
1
2
15 4 4 15 0 -1
16 5 2 15 0 2
tilted_haar_y4
2.775937e-003 0 -1
-1.784706e-001 3.414544e-001 
1
2
9 5 10 4 0 -1
8 6 10 2 0 2
tilted_haar_y4
-5.648060e-003 0 -1
5.762715e-001 -2.405340e-001 
-8.918322e-001

1
-1
