9
1
2
0 1 1 2 0 -1
0 2 1 1 0 2
haar_y2
-1.747042e-004 0 -1
-7.586207e-001 3.098592e-001 
1
2
23 0 1 3 0 -1
23 1 1 1 0 3
haar_y3
1.575066e-004 0 -1
2.013733e-001 -6.018708e-001 
1
2
0 0 1 3 0 -1
0 1 1 1 0 3
haar_y3
-2.735578e-004 0 -1
-6.996346e-001 2.811592e-001 
1
2
18 0 2 1 0 -1
18 0 1 1 0 2
haar_x2
1.275791e-004 0 -1
9.259860e-002 -5.257584e-001 
1
2
0 7 8 6 0 -1
4 7 4 6 0 2
haar_x2
2.767994e-002 0 -1
-2.041129e-001 9.122997e-001 
1
2
22 23 2 1 0 -1
22 23 1 1 0 2
haar_x2
-1.201890e-004 0 -1
-4.001250e-001 1.959927e-001 
1
2
0 12 2 3 0 -1
0 13 2 1 0 3
haar_y3
1.109990e-003 0 -1
2.276220e-001 -8.124186e-001 
1
2
22 12 2 3 0 -1
22 13 2 1 0 3
haar_y3
-5.603725e-004 0 -1
-4.949592e-001 1.662246e-001 
1
2
8 0 8 24 0 -1
8 12 8 12 0 2
haar_y2
-1.514758e-001 0 -1
-7.382224e-001 2.435823e-001 
-1.131092e+000

6
-1
