13
1
2
0 1 24 8 0 -1
12 1 12 8 0 2
haar_x2
-1.570455e-001 0 -1
-8.928571e-001 1.453489e-001 
1
2
19 0 2 2 0 -1
19 0 1 2 0 2
haar_x2
1.014406e-003 0 -1
3.565549e-002 -7.501321e-001 
1
2
4 0 4 1 0 -1
6 0 2 1 0 2
haar_x2
-3.698246e-004 0 -1
-5.866513e-001 2.060439e-001 
1
2
0 2 24 19 0 -1
0 2 12 19 0 2
haar_x2
-7.028241e-002 0 -1
-4.716302e-001 2.789346e-001 
1
2
5 7 12 5 0 -1
5 7 6 5 0 2
tilted_haar_x2
5.348312e-002 0 -1
2.449331e-001 -4.830689e-001 
1
2
18 10 3 4 0 -1
19 10 1 4 0 3
haar_x3
-2.319285e-003 0 -1
3.483478e-001 -1.337499e-001 
1
2
7 7 5 6 0 -1
5 9 5 2 0 3
tilted_haar_y3
1.908222e-002 0 -1
-1.731329e-001 5.789581e-001 
1
2
8 0 16 1 0 -1
12 0 8 1 0 2
haar_x4
-2.707638e-003 0 -1
-2.892435e-001 1.111587e-001 
1
2
2 0 16 1 0 -1
10 0 8 1 0 2
haar_x2
9.551367e-003 0 -1
1.383670e-001 -7.404945e-001 
1
2
8 0 10 4 0 -1
8 2 10 2 0 2
haar_y2
-1.520958e-002 0 -1
5.691193e-001 -1.998530e-001 
1
2
1 13 2 11 0 -1
2 13 1 11 0 2
haar_x2
-5.666525e-003 0 -1
5.526810e-001 -2.272434e-001 
1
2
12 3 2 12 0 -1
12 3 1 12 0 2
haar_x2
1.336212e-002 0 -1
-5.918318e-002 8.301762e-001 
1
2
3 10 3 4 0 -1
4 10 1 4 0 3
haar_x3
-5.209207e-003 0 -1
8.212496e-001 -1.323811e-001 
-7.623376e-001

10
-1
