13
1
2
1 0 22 1 0 -1
12 0 11 1 0 2
haar_x2
-5.710334e-003 0 -1
-6.000001e-001 3.056605e-001 
1
2
15 16 3 8 0 -1
15 18 3 4 0 2
haar_y4
-6.352031e-003 0 -1
4.170038e-001 -1.999637e-001 
1
3
9 2 2 8 0 -1
9 2 1 4 0 2
10 6 1 4 0 2
haar_x2_y2
4.286006e-003 0 -1
-1.749804e-001 8.498689e-001 
1
2
12 2 3 8 0 -1
10 4 3 4 0 2
tilted_haar_x4
2.635511e-003 0 -1
-8.913469e-002 1.609637e-001 
1
2
11 1 1 10 0 -1
11 6 1 5 0 2
haar_y2
-2.729279e-003 0 -1
5.240414e-001 -3.035415e-001 
1
2
23 1 1 3 0 -1
23 2 1 1 0 3
haar_y3
2.971622e-004 0 -1
2.366534e-001 -4.502810e-001 
1
3
1 12 4 10 0 -1
1 12 2 5 0 2
3 17 2 5 0 2
haar_x2_y2
-9.047212e-003 0 -1
6.535904e-001 -2.573446e-001 
1
2
11 1 2 12 0 -1
11 7 2 6 0 2
haar_y2
6.457252e-003 0 -1
-2.663757e-001 5.024834e-001 
1
2
1 0 2 3 0 -1
1 1 2 1 0 3
haar_y3
-1.328702e-003 0 -1
-8.049645e-001 2.133294e-001 
1
2
19 13 4 1 0 -1
19 13 2 1 0 2
tilted_haar_y2
1.230098e-002 0 -1
-9.294274e-002 7.510495e-001 
1
2
5 13 1 4 0 -1
5 13 1 2 0 2
tilted_haar_y2
-3.645675e-003 0 -1
6.882310e-001 -2.117910e-001 
1
2
23 3 1 4 0 -1
23 5 1 2 0 2
haar_y2
-6.752266e-003 0 -1
-8.463064e-001 5.048987e-002 
1
2
0 3 1 4 0 -1
0 5 1 2 0 2
haar_y2
1.278903e-004 0 -1
2.640732e-001 -5.539875e-001 
-7.269613e-001

0
-1
