13
1
2
0 0 24 24 0 -1
0 12 24 12 0 2
haar_y2
-3.908879e-001 0 -1
-6.842106e-001 2.727274e-001 
1
2
23 1 1 6 0 -1
23 4 1 3 0 2
haar_y2
-9.741951e-004 0 -1
-4.863053e-001 1.378051e-001 
1
2
0 16 7 8 0 -1
0 20 7 4 0 2
haar_y2
2.351181e-002 0 -1
-1.882673e-001 5.522169e-001 
1
2
23 1 1 6 0 -1
23 4 1 3 0 2
haar_y2
1.680679e-003 0 -1
1.152465e-001 -4.484445e-001 
1
2
0 1 1 6 0 -1
0 4 1 3 0 2
haar_y2
-3.767847e-004 0 -1
-4.288318e-001 2.517117e-001 
1
2
21 3 2 7 0 -1
21 3 1 7 0 2
haar_x2
5.876926e-003 0 -1
-1.513793e-001 7.394882e-001 
1
2
5 14 7 3 0 -1
4 15 7 1 0 3
tilted_haar_y3
-4.412754e-003 0 -1
5.306460e-001 -2.086926e-001 
1
2
20 0 4 1 0 -1
20 0 2 1 0 2
haar_x2
4.893834e-004 0 -1
1.496061e-001 -4.411324e-001 
1
3
3 7 2 16 0 -1
3 7 1 8 0 2
4 15 1 8 0 2
haar_x2_y2
-2.817120e-003 0 -1
4.579276e-001 -3.052238e-001 
1
2
18 3 6 6 0 -1
20 3 2 6 0 3
haar_x3
1.133776e-002 0 -1
-9.649924e-002 5.022342e-001 
1
2
0 3 6 6 0 -1
2 3 2 6 0 3
haar_x3
1.032582e-002 0 -1
-1.557621e-001 6.886570e-001 
1
2
19 9 3 7 0 -1
20 10 1 7 0 3
tilted_haar_y3
-2.472908e-003 0 -1
3.015962e-001 -1.702098e-001 
1
2
5 9 7 3 0 -1
4 10 7 1 0 3
tilted_haar_y3
-1.286353e-002 0 -1
8.968357e-001 -1.649050e-001 
-9.401793e-001

11
-1
