80
1
2
2 15 9 9 0 -1
5 18 3 3 0 9
haar_point
-4.249050e-002 0 -1
5.244756e-001 -2.918289e-001 
1
2
17 20 7 4 0 -1
17 21 7 2 0 2
haar_y4
-6.869413e-003 0 -1
5.257861e-001 -7.778006e-002 
1
2
11 12 3 8 0 -1
12 13 1 8 0 3
tilted_haar_x3
5.615149e-003 0 -1
-2.311644e-001 6.192773e-001 
1
2
15 8 9 1 0 -1
18 8 3 1 0 3
haar_x3
2.214925e-003 0 -1
-3.201806e-001 3.358835e-001 
1
2
7 11 5 3 0 -1
6 12 5 1 0 3
tilted_haar_y3
-1.926333e-005 0 -1
4.537016e-001 -5.024584e-001 
1
2
13 9 1 9 0 -1
10 12 1 3 0 3
tilted_haar_x3
1.746145e-003 0 -1
-2.451369e-001 3.834904e-001 
1
2
7 8 4 16 0 -1
9 8 2 16 0 2
haar_x2
8.441603e-004 0 -1
-5.183565e-001 4.566920e-001 
1
2
14 4 2 20 0 -1
14 4 1 20 0 2
haar_x2
3.420062e-005 0 -1
-4.859675e-001 2.646210e-001 
1
2
2 12 14 10 0 -1
9 12 7 10 0 2
haar_x2
-7.998835e-005 0 -1
6.239821e-001 -6.901047e-001 
1
2
13 1 3 12 0 -1
14 2 1 12 0 3
tilted_haar_y3
5.235291e-004 0 -1
-2.888437e-001 3.686700e-001 
1
2
12 2 3 12 0 -1
13 3 1 12 0 3
tilted_haar_x3
-9.168939e-004 0 -1
6.678615e-001 -5.952339e-001 
1
2
13 1 3 12 0 -1
14 2 1 12 0 3
tilted_haar_y3
2.282757e-004 0 -1
-3.804649e-001 4.920893e-001 
1
2
11 1 12 3 0 -1
10 2 12 1 0 3
tilted_haar_y3
4.949935e-005 0 -1
-6.002593e-001 5.923988e-001 
1
3
8 11 14 2 0 -1
15 11 7 1 0 2
8 12 7 1 0 2
haar_x2_y2
8.267082e-004 0 -1
-5.814053e-001 4.947309e-001 
1
3
2 10 18 4 0 -1
2 10 9 2 0 2
11 12 9 2 0 2
haar_x2_y2
2.542509e-005 0 -1
-8.087407e-001 7.542837e-001 
1
2
11 3 9 19 0 -1
14 3 3 19 0 3
haar_x3
3.689228e-003 0 -1
-8.178504e-001 6.131989e-001 
1
2
10 4 9 3 0 -1
13 7 3 3 0 3
tilted_haar_x3
1.215720e-004 0 -1
-9.458335e-001 9.700887e-001 
1
2
2 2 22 8 0 -1
2 2 11 8 0 2
haar_x2
1.077225e-003 0 -1
-9.863393e-001 9.365889e-001 
1
2
0 0 2 1 0 -1
1 0 1 1 0 2
haar_x2
0.000000e+000 0 -1
0.000000e+000 -1.000000e+000 
1
2
12 0 3 6 0 -1
10 2 3 2 0 3
tilted_haar_x3
2.475443e-005 0 -1
-8.852348e-001 9.103769e-001 
1
2
12 0 3 6 0 -1
10 2 3 2 0 3
tilted_haar_y3
-3.022170e-005 0 -1
1.000000e+000 -9.944854e-001 
1
2
16 0 4 16 0 -1
16 0 2 16 0 2
tilted_haar_y2
1.671897e-003 0 -1
-8.555824e-001 9.236857e-001 
1
2
3 18 12 4 0 -1
3 19 12 2 0 2
haar_y4
-2.406803e-005 0 -1
1.000000e+000 -9.958748e-001 
1
2
0 4 24 12 0 -1
0 4 12 12 0 2
haar_x2
-5.055915e-004 0 -1
9.523528e-001 -9.430259e-001 
1
2
0 9 21 6 0 -1
0 11 21 2 0 3
haar_y3
2.298143e-005 0 -1
-8.290870e-001 9.300089e-001 
1
2
18 5 4 10 0 -1
19 6 2 10 0 2
tilted_haar_y4
1.835174e-003 0 -1
-8.831972e-001 7.345531e-001 
1
2
9 0 6 6 0 -1
9 2 6 2 0 3
haar_y3
-1.331972e-004 0 -1
8.993462e-001 -9.894223e-001 
1
2
6 1 14 21 0 -1
6 8 14 7 0 3
haar_y3
-4.254500e-003 0 -1
8.885401e-001 -9.134344e-001 
1
2
2 6 13 18 0 -1
2 15 13 9 0 2
haar_y2
-3.120806e-003 0 -1
8.685520e-001 -8.119748e-001 
1
2
19 11 2 3 0 -1
19 12 2 1 0 3
haar_y3
1.218283e-005 0 -1
-4.515734e-001 6.621678e-001 
1
2
3 7 14 3 0 -1
2 8 14 1 0 3
tilted_haar_y3
-1.684762e-004 0 -1
8.256362e-001 -8.382464e-001 
1
2
9 4 7 6 0 -1
9 7 7 3 0 2
haar_y2
3.679336e-005 0 -1
-6.630977e-001 7.913198e-001 
1
2
8 7 2 9 0 -1
9 7 1 9 0 2
haar_x2
-5.835120e-005 0 -1
8.048555e-001 -9.062949e-001 
1
2
12 6 4 6 0 -1
12 6 2 6 0 2
tilted_haar_y2
-2.076860e-005 0 -1
6.485711e-001 -5.822148e-001 
1
2
5 0 9 24 0 -1
8 0 3 24 0 3
haar_x3
5.168439e-004 0 -1
-7.159960e-001 8.776466e-001 
1
2
16 10 5 4 0 -1
15 11 5 2 0 2
tilted_haar_x4
-4.269457e-004 0 -1
6.501631e-001 -7.429522e-001 
1
2
7 0 2 10 0 -1
8 0 1 10 0 2
haar_x2
-3.799897e-005 0 -1
8.059863e-001 -7.274072e-001 
1
2
14 6 6 15 0 -1
16 11 2 5 0 9
haar_point
5.611902e-003 0 -1
-3.768488e-001 5.140797e-001 
1
2
4 6 6 15 0 -1
6 11 2 5 0 9
haar_point
-7.296552e-003 0 -1
8.380945e-001 -6.901411e-001 
1
2
11 4 10 2 0 -1
11 5 10 1 0 2
haar_y2
-1.433300e-005 0 -1
5.552189e-001 -4.114363e-001 
1
2
3 3 8 3 0 -1
5 3 4 3 0 2
haar_x4
-4.019259e-004 0 -1
6.718643e-001 -4.991004e-001 
1
2
16 6 2 9 0 -1
16 6 1 9 0 2
haar_x2
-4.630507e-003 0 -1
6.029513e-001 -8.870106e-002 
1
2
10 8 4 7 0 -1
11 9 2 7 0 2
tilted_haar_x4
-4.590343e-003 0 -1
7.688234e-001 -3.712831e-001 
1
2
14 7 7 4 0 -1
13 8 7 2 0 2
tilted_haar_x4
1.386865e-002 0 -1
-4.398482e-002 6.479400e-001 
1
2
10 7 4 7 0 -1
11 8 2 7 0 2
tilted_haar_x4
6.169019e-003 0 -1
-4.597991e-001 8.202688e-001 
1
2
10 4 6 3 0 -1
10 4 3 3 0 2
haar_x2
-1.904207e-004 0 -1
3.478464e-001 -4.996983e-001 
1
2
11 0 12 1 0 -1
14 3 6 1 0 2
tilted_haar_x4
-2.723270e-004 0 -1
7.344806e-001 -5.544414e-001 
1
2
12 3 1 6 0 -1
10 5 1 2 0 3
tilted_haar_x3
1.035941e-004 0 -1
-2.564953e-001 4.388167e-001 
1
2
0 8 4 8 0 -1
0 12 4 4 0 2
haar_y2
6.986594e-005 0 -1
-5.456432e-001 7.183232e-001 
1
2
21 6 3 9 0 -1
22 9 1 3 0 9
haar_point
8.965626e-006 0 -1
-6.820013e-001 5.251145e-001 
1
2
3 21 10 3 0 -1
3 22 10 1 0 3
haar_y3
-2.010574e-005 0 -1
6.976843e-001 -8.411419e-001 
1
2
21 8 3 7 0 -1
22 8 1 7 0 3
haar_x3
2.314981e-005 0 -1
-7.290679e-001 3.427833e-001 
1
2
3 6 4 1 0 -1
4 7 2 1 0 2
tilted_haar_x4
6.551828e-005 0 -1
-8.146896e-001 9.567709e-001 
1
2
10 10 8 8 0 -1
10 10 4 8 0 2
haar_x2
1.040605e-002 0 -1
-8.875752e-001 8.466524e-001 
1
2
5 7 12 16 0 -1
11 7 6 16 0 2
haar_x2
-2.138839e-003 0 -1
1.000000e+000 -9.999999e-001 
1
2
2 12 20 1 0 -1
2 12 10 1 0 2
haar_x2
-2.002114e-005 0 -1
9.560712e-001 -9.301756e-001 
1
3
4 12 10 10 0 -1
4 12 5 5 0 2
9 17 5 5 0 2
haar_x2_y2
5.778998e-005 0 -1
-8.451153e-001 8.059958e-001 
1
3
10 14 10 8 0 -1
15 14 5 4 0 2
10 18 5 4 0 2
haar_x2_y2
-1.578042e-004 0 -1
7.364891e-001 -9.092247e-001 
1
2
2 15 5 4 0 -1
2 16 5 2 0 2
haar_y4
3.472675e-005 0 -1
-7.603793e-001 9.220234e-001 
1
2
4 16 20 3 0 -1
9 16 10 3 0 2
haar_x4
2.838060e-003 0 -1
-8.605577e-001 8.790748e-001 
1
2
12 7 9 4 0 -1
12 7 9 2 0 2
tilted_haar_y2
4.122735e-005 0 -1
-9.942784e-001 1.000014e+000 
1
2
22 0 2 1 0 -1
22 0 1 1 0 2
haar_x2
0.000000e+000 0 -1
0.000000e+000 -1.000000e+000 
1
2
10 1 12 3 0 -1
13 4 6 3 0 2
tilted_haar_x4
-3.596944e-004 0 -1
1.000000e+000 -9.497100e-001 
1
2
17 6 6 4 0 -1
19 6 2 4 0 3
haar_x3
-2.112608e-005 0 -1
8.622153e-001 -6.999497e-001 
1
3
7 1 4 6 0 -1
7 1 2 3 0 2
9 4 2 3 0 2
haar_x2_y2
2.866600e-005 0 -1
-7.727420e-001 9.178697e-001 
1
2
16 0 6 7 0 -1
18 2 2 7 0 3
tilted_haar_y3
9.932629e-004 0 -1
-8.121757e-001 7.563409e-001 
1
2
0 15 9 6 0 -1
3 17 3 2 0 9
haar_point
-1.690271e-003 0 -1
1.000000e+000 -9.579362e-001 
1
2
17 4 4 5 0 -1
18 5 2 5 0 2
tilted_haar_y4
3.740993e-004 0 -1
-7.633843e-001 7.805221e-001 
1
2
7 4 5 4 0 -1
6 5 5 2 0 2
tilted_haar_y4
-3.026415e-005 0 -1
9.742145e-001 -9.746205e-001 
1
2
18 11 3 6 0 -1
18 11 3 3 0 2
tilted_haar_x2
1.007390e-005 0 -1
-7.393639e-001 4.423169e-001 
1
2
4 7 4 12 0 -1
4 13 4 6 0 2
haar_y2
-7.215386e-005 0 -1
8.658998e-001 -9.417181e-001 
1
2
13 6 10 10 0 -1
13 11 10 5 0 2
haar_y2
2.369211e-003 0 -1
-6.169063e-001 4.395088e-001 
1
2
3 5 11 9 0 -1
3 8 11 3 0 3
haar_y3
-1.996912e-004 0 -1
8.356571e-001 -8.512854e-001 
1
3
14 4 8 16 0 -1
18 4 4 8 0 2
14 12 4 8 0 2
haar_x2_y2
2.294640e-002 0 -1
-3.492680e-001 1.000000e+000 
1
2
2 9 17 4 0 -1
2 11 17 2 0 2
haar_y2
-1.397319e-004 0 -1
9.253462e-001 -8.900048e-001 
1
2
6 13 18 9 0 -1
12 13 6 9 0 3
haar_x3
-3.596944e-004 0 -1
5.985833e-001 -6.131038e-001 
1
2
6 3 11 3 0 -1
5 4 11 1 0 3
tilted_haar_y3
3.777809e-005 0 -1
-6.320289e-001 8.810112e-001 
1
2
14 14 3 3 0 -1
15 15 1 1 0 9
haar_point
2.165140e-005 0 -1
-7.235979e-001 4.007469e-001 
1
2
3 11 6 9 0 -1
6 11 3 9 0 2
haar_x2
-4.949763e-004 0 -1
7.871519e-001 -8.930585e-001 
1
2
4 9 18 4 0 -1
4 11 18 2 0 2
haar_y2
2.913167e-004 0 -1
-7.017076e-001 7.544581e-001 
-2.280341e+000

4
-1
