15
1
2
3 0 2 1 0 -1
4 0 1 1 0 2
haar_x2
1.248935e-004 0 -1
2.367492e-001 -5.726498e-001 
1
3
19 3 4 10 0 -1
21 3 2 5 0 2
19 8 2 5 0 2
haar_x2_y2
-4.601820e-003 0 -1
4.309105e-001 -2.029368e-001 
1
2
5 0 3 1 0 -1
6 0 1 1 0 3
haar_x3
-1.708317e-004 0 -1
-6.315597e-001 1.986653e-001 
1
2
21 8 3 8 0 -1
21 10 3 4 0 2
haar_y4
-1.115868e-002 0 -1
-5.809821e-001 9.825610e-002 
1
2
5 1 4 5 0 -1
6 2 2 5 0 2
tilted_haar_x4
-1.121509e-002 0 -1
8.517972e-001 -1.636593e-001 
1
3
19 3 4 10 0 -1
21 3 2 5 0 2
19 8 2 5 0 2
haar_x2_y2
4.542462e-003 0 -1
-1.360968e-001 4.119278e-001 
1
3
1 3 4 10 0 -1
1 3 2 5 0 2
3 8 2 5 0 2
haar_x2_y2
-1.364731e-002 0 -1
8.457360e-001 -2.366022e-001 
1
2
12 4 3 6 0 -1
13 6 1 2 0 9
haar_point
-1.278333e-002 0 -1
5.307866e-001 -8.097229e-002 
1
2
9 4 3 6 0 -1
10 6 1 2 0 9
haar_point
7.242665e-003 0 -1
-2.563463e-001 5.630049e-001 
1
2
12 0 3 12 0 -1
13 4 1 4 0 9
haar_point
2.703381e-002 0 -1
-7.454801e-002 4.608487e-001 
1
2
9 0 3 12 0 -1
10 4 1 4 0 9
haar_point
-2.774113e-002 0 -1
7.261255e-001 -2.205258e-001 
1
2
21 2 3 1 0 -1
22 3 1 1 0 3
tilted_haar_y3
1.125267e-003 0 -1
1.773073e-001 -4.728627e-001 
1
2
3 19 11 3 0 -1
3 20 11 1 0 3
haar_y3
-5.453283e-005 0 -1
3.327555e-001 -4.353933e-001 
1
3
12 2 2 18 0 -1
13 2 1 9 0 2
12 11 1 9 0 2
haar_x2_y2
3.283193e-003 0 -1
-1.821016e-001 4.573282e-001 
1
2
7 3 10 8 0 -1
12 3 5 8 0 2
haar_x2
-5.904797e-003 0 -1
4.244283e-001 -3.888830e-001 
-9.059002e-001

2
-1
