12
1
2
0 20 22 4 0 -1
0 22 22 2 0 2
haar_y2
2.342706e-002 0 -1
-2.313168e-001 5.462188e-001 
1
2
23 1 1 6 0 -1
23 4 1 3 0 2
haar_y2
-8.676933e-004 0 -1
-3.873804e-001 1.491388e-001 
1
2
0 23 2 1 0 -1
1 23 1 1 0 2
haar_x2
1.307097e-004 0 -1
1.822552e-001 -6.246137e-001 
1
2
18 3 5 3 0 -1
17 4 5 1 0 3
tilted_haar_x3
-1.536155e-002 0 -1
9.146847e-001 -9.128431e-002 
1
2
9 0 2 8 0 -1
9 4 2 4 0 2
haar_y2
9.323345e-003 0 -1
-2.220604e-001 6.797056e-001 
1
2
8 0 14 6 0 -1
8 3 14 3 0 2
haar_y2
-2.266689e-002 0 -1
6.039653e-001 -1.946596e-001 
1
2
0 23 2 1 0 -1
1 23 1 1 0 2
haar_x2
-6.805148e-005 0 -1
-5.008257e-001 2.726254e-001 
1
2
23 9 1 3 0 -1
23 10 1 1 0 3
haar_y3
1.812642e-004 0 -1
1.965895e-001 -4.659865e-001 
1
2
0 9 4 3 0 -1
1 9 2 3 0 2
haar_x4
6.784158e-003 0 -1
-2.015092e-001 7.841679e-001 
1
2
23 2 1 6 0 -1
23 5 1 3 0 2
haar_y2
9.281547e-004 0 -1
1.065888e-001 -1.818039e-001 
1
2
0 3 2 17 0 -1
1 3 1 17 0 2
haar_x2
-1.082339e-002 0 -1
8.181083e-001 -1.970844e-001 
1
2
18 3 3 4 0 -1
18 5 3 2 0 2
haar_y2
8.615396e-004 0 -1
-1.119598e-001 3.529019e-001 
-1.005253e+000

3
-1
