12
1
2
4 4 3 4 0 -1
5 5 1 4 0 3
tilted_haar_x3
-8.611232e-003 0 -1
8.095239e-001 -1.513354e-001 
1
3
19 4 4 6 0 -1
21 4 2 3 0 2
19 7 2 3 0 2
haar_x2_y2
-1.244721e-002 0 -1
7.251563e-001 -4.699475e-002 
1
3
1 5 4 6 0 -1
1 5 2 3 0 2
3 8 2 3 0 2
haar_x2_y2
-6.589331e-003 0 -1
6.530425e-001 -1.731527e-001 
1
2
2 0 20 4 0 -1
2 2 20 2 0 2
haar_y2
-1.367235e-002 0 -1
5.114251e-001 -2.366758e-001 
1
2
5 23 14 1 0 -1
12 23 7 1 0 2
haar_x2
5.237642e-004 0 -1
2.785779e-001 -4.740885e-001 
1
3
14 7 2 8 0 -1
15 7 1 4 0 2
14 11 1 4 0 2
haar_x2_y2
2.394708e-003 0 -1
-1.244307e-001 3.885622e-001 
1
2
10 5 3 1 0 -1
11 5 1 1 0 3
haar_x3
-6.698626e-004 0 -1
6.087217e-001 -1.868823e-001 
1
2
8 23 8 1 0 -1
8 23 4 1 0 2
haar_x2
3.972519e-003 0 -1
1.950802e-001 -6.741168e-001 
1
2
9 5 14 3 0 -1
8 6 14 1 0 3
tilted_haar_y3
-9.922429e-003 0 -1
6.408798e-001 -1.924412e-001 
1
2
11 2 2 9 0 -1
11 2 1 9 0 2
haar_x2
2.405495e-003 0 -1
-2.349479e-001 5.170493e-001 
1
3
0 12 12 10 0 -1
0 12 6 5 0 2
6 17 6 5 0 2
haar_x2_y2
-1.284693e-002 0 -1
4.518536e-001 -2.411067e-001 
1
2
11 13 4 2 0 -1
12 13 2 2 0 2
haar_x4
-2.218813e-003 0 -1
4.171799e-001 -1.059575e-001 
-1.139612e+000

12
-1
