11
1
2
0 23 24 1 0 -1
12 23 12 1 0 2
haar_x2
-9.298348e-003 0 -1
-7.113403e-001 2.277229e-001 
1
2
2 23 22 1 0 -1
2 23 11 1 0 2
haar_x2
-7.911991e-003 0 -1
-5.602435e-001 2.169430e-001 
1
2
2 0 2 2 0 -1
2 1 2 1 0 2
haar_y2
3.293213e-004 0 -1
2.146432e-001 -6.652338e-001 
1
2
8 20 14 4 0 -1
8 22 14 2 0 2
haar_y2
2.704638e-002 0 -1
-1.527797e-001 6.014844e-001 
1
2
7 0 4 7 0 -1
8 1 2 7 0 2
tilted_haar_x4
1.903452e-002 0 -1
-1.612672e-001 8.931079e-001 
1
2
12 0 8 1 0 -1
14 0 4 1 0 2
haar_x4
-1.078267e-003 0 -1
-3.349642e-001 1.433692e-001 
1
2
3 0 18 1 0 -1
12 0 9 1 0 2
haar_x2
1.052969e-003 0 -1
2.842709e-001 -5.624853e-001 
1
3
20 1 2 16 0 -1
21 1 1 8 0 2
20 9 1 8 0 2
haar_x2_y2
-1.241891e-002 0 -1
5.101288e-001 -6.435170e-002 
1
3
2 0 2 18 0 -1
2 0 1 9 0 2
3 9 1 9 0 2
haar_x2_y2
8.470856e-003 0 -1
-1.768438e-001 7.561389e-001 
1
2
20 16 4 4 0 -1
20 16 2 4 0 2
tilted_haar_y2
-1.802360e-002 0 -1
6.014488e-001 -1.118685e-001 
1
2
6 13 5 6 0 -1
4 15 5 2 0 3
tilted_haar_y3
-2.835640e-002 0 -1
7.069531e-001 -1.963260e-001 
-1.019386e+000

-1
-1
