13
1
2
0 4 1 2 0 -1
0 5 1 1 0 2
haar_y2
-1.314181e-004 0 -1
-5.671642e-001 2.857144e-001 
1
2
23 2 1 4 0 -1
23 3 1 2 0 2
haar_y4
1.016385e-003 0 -1
1.127883e-001 -6.257237e-001 
1
2
0 2 1 4 0 -1
0 3 1 2 0 2
haar_y4
-2.055758e-004 0 -1
-6.413243e-001 3.405718e-001 
1
2
20 0 3 1 0 -1
21 0 1 1 0 3
haar_x3
-1.506456e-004 0 -1
-5.854554e-001 2.284880e-001 
1
2
3 10 4 1 0 -1
4 11 2 1 0 2
tilted_haar_x4
-3.738998e-003 0 -1
7.310405e-001 -2.277205e-001 
1
2
18 0 3 1 0 -1
19 0 1 1 0 3
haar_x3
6.569522e-004 0 -1
1.199910e-001 -7.216731e-001 
1
2
0 23 3 1 0 -1
1 23 1 1 0 3
haar_x3
2.419272e-004 0 -1
2.118150e-001 -6.185262e-001 
1
2
21 22 3 2 0 -1
22 22 1 2 0 3
haar_x3
-4.817212e-004 0 -1
-3.785966e-001 1.299262e-001 
1
2
0 22 3 2 0 -1
1 22 1 2 0 3
haar_x3
-3.498807e-004 0 -1
-5.163209e-001 3.491831e-001 
1
2
22 5 2 10 0 -1
22 5 1 10 0 2
haar_x2
-1.584297e-002 0 -1
6.856317e-001 -1.194575e-001 
1
2
10 6 3 6 0 -1
11 6 1 6 0 3
haar_x3
-8.301804e-003 0 -1
8.820823e-001 -1.578059e-001 
1
2
22 20 1 3 0 -1
22 21 1 1 0 3
haar_y3
1.659128e-004 0 -1
1.642752e-001 -2.340911e-001 
1
2
1 20 1 3 0 -1
1 21 1 1 0 3
haar_y3
1.429699e-004 0 -1
2.890516e-001 -5.169432e-001 
-1.144363e+000

7
-1
