14
1
2
0 2 24 22 0 -1
0 13 24 11 0 2
haar_y2
2.896116e-001 0 -1
1.061453e-001 -9.047624e-001 
1
2
10 0 4 24 0 -1
10 8 4 8 0 3
haar_y3
-8.402096e-002 0 -1
6.985976e-001 -1.197536e-001 
1
2
6 16 7 8 0 -1
6 20 7 4 0 2
haar_y2
-2.371134e-002 0 -1
5.383396e-001 -1.929592e-001 
1
2
11 12 3 9 0 -1
12 15 1 3 0 9
haar_point
-9.679864e-003 0 -1
3.240209e-001 -1.760471e-001 
1
2
0 9 3 3 0 -1
0 10 3 1 0 3
haar_y3
-4.168424e-003 0 -1
-9.718180e-001 7.588185e-002 
1
2
10 23 4 1 0 -1
10 23 2 1 0 2
haar_x2
-3.358077e-004 0 -1
-4.334812e-001 2.178611e-001 
1
2
9 23 6 1 0 -1
12 23 3 1 0 2
haar_x2
-6.097199e-004 0 -1
-5.757616e-001 2.239373e-001 
1
2
0 18 24 5 0 -1
0 18 12 5 0 2
haar_x2
-5.105365e-002 0 -1
-7.005814e-001 1.480281e-001 
1
2
0 19 3 4 0 -1
0 20 3 2 0 2
haar_y4
-6.114013e-005 0 -1
3.564681e-001 -3.133202e-001 
1
2
17 0 6 1 0 -1
19 0 2 1 0 3
haar_x3
-1.683054e-004 0 -1
-3.363211e-001 1.703247e-001 
1
2
1 0 6 1 0 -1
3 0 2 1 0 3
haar_x3
-1.023506e-003 0 -1
-6.652058e-001 1.602671e-001 
1
2
20 7 3 14 0 -1
21 7 1 14 0 3
haar_x3
-8.840544e-003 0 -1
4.439663e-001 -1.441060e-001 
1
3
1 5 4 6 0 -1
1 5 2 3 0 2
3 8 2 3 0 2
haar_x2_y2
3.314846e-003 0 -1
-2.230190e-001 5.453843e-001 
1
3
17 3 6 8 0 -1
20 3 3 4 0 2
17 7 3 4 0 2
haar_x2_y2
-1.480838e-002 0 -1
4.856351e-001 -8.566723e-002 
-9.521259e-001

13
-1
