12
1
2
2 0 2 1 0 -1
3 0 1 1 0 2
haar_x2
1.452648e-004 0 -1
1.909386e-001 -6.483520e-001 
1
2
6 2 18 20 0 -1
6 12 18 10 0 2
haar_y2
-2.836626e-001 0 -1
-6.432971e-001 1.097036e-001 
1
2
0 8 1 3 0 -1
0 9 1 1 0 3
haar_y3
-1.822279e-004 0 -1
-5.147718e-001 2.156665e-001 
1
2
11 0 5 24 0 -1
11 6 5 12 0 2
haar_y4
4.828881e-002 0 -1
-1.417332e-001 4.554543e-001 
1
3
3 1 8 14 0 -1
3 1 4 7 0 2
7 8 4 7 0 2
haar_x2_y2
-2.128712e-002 0 -1
6.377866e-001 -1.890554e-001 
1
2
20 8 4 6 0 -1
20 10 4 2 0 3
haar_y3
-5.800202e-003 0 -1
-3.060689e-001 8.432908e-002 
1
2
0 8 4 6 0 -1
0 10 4 2 0 3
haar_y3
1.310934e-002 0 -1
1.404198e-001 -8.269247e-001 
1
2
22 23 2 1 0 -1
22 23 1 1 0 2
haar_x2
1.094684e-004 0 -1
1.319256e-001 -4.045385e-001 
1
2
5 0 1 2 0 -1
5 0 1 1 0 2
tilted_haar_y2
-8.451283e-004 0 -1
-7.009701e-001 1.541769e-001 
1
2
22 5 2 4 0 -1
21 6 2 2 0 2
tilted_haar_x4
9.450476e-003 0 -1
-1.119130e-001 6.375337e-001 
1
2
4 3 6 4 0 -1
6 5 2 4 0 3
tilted_haar_x3
3.148453e-002 0 -1
-1.190247e-001 9.139913e-001 
1
3
5 10 14 2 0 -1
12 10 7 1 0 2
5 11 7 1 0 2
haar_x2_y2
5.967126e-004 0 -1
2.600013e-001 -4.256316e-001 
-8.601502e-001

8
-1
